0 0.6919178
1 0.8757615
2 0.9070116
3 0.8445116
4 0.7820116
5 0.7507616
6 0.7820116
7 0.8445116
8 0.7820116
9 0.7820116
10 0.8445116
11 0.9070116
12 1.0320116
13 0.8445116
14 0.6570116
15 0.8132616
16 0.7820116
17 0.7195116
18 0.8445116
19 0.6882616
20 0.8445116
0 0.6857839
1 0.9070116
2 0.7507616
3 0.7820116
4 0.8132616
5 0.6257616
6 0.7507616
7 0.8132616
8 0.7820116
9 0.8757616
10 0.8757616
11 0.7820116
12 0.8445116
13 1.0007616
14 0.7507616
15 0.7507616
16 0.8757616
17 0.8757616
18 0.8757616
19 0.9070116
20 0.7195116
0 0.6921568
1 0.78200054
2 0.8445115
3 0.8757616
4 0.9382616
5 0.9070116
6 0.8132616
7 0.7820116
8 0.8132616
9 0.8445116
10 0.7507616
11 0.7820116
12 0.9695116
13 0.9695116
14 0.8445116
15 0.7195116
16 0.7507616
17 0.7195116
18 0.7507616
19 0.7820116
20 0.7820116
0 0.69274443
1 0.7894132
2 0.9070089
3 0.8445116
4 1.0320116
5 0.8757616
6 0.7195116
7 0.5945116
8 0.8445116
9 0.8132616
10 0.8445116
11 0.6570116
12 0.8757616
13 0.6257616
0 0.6854146
1 0.7195116
2 0.6882616
3 0.9070116
4 0.8132616
5 1.0007616
6 0.7820116
7 0.8445116
8 0.9695116
9 0.6257616
10 0.7820116
11 0.7820116
12 0.8132616
13 0.8445116
14 0.7507616
15 0.7820116
16 0.8757616
17 0.8445116
18 0.9382616
19 0.8757616
20 0.9070116
0 0.68636155
1 0.6882616
2 1.0632616
3 0.9382616
4 0.6570116
5 0.7507616
6 0.9070116
7 0.9070116
8 0.7195116
9 0.9382616
10 0.9695116
11 0.6257616
12 0.8445116
13 0.9070116
14 0.8132616
15 0.8445116
16 0.6882616
17 0.7820116
18 0.8757616
19 0.6257616
20 0.7507616
0 0.6955917
1 0.77997476
2 0.8757616
3 0.8132616
4 0.9382616
5 0.5945116
6 0.7820116
7 0.7507616
8 0.7507616
9 0.7195116
10 0.7820116
11 0.8757616
12 0.8445116
13 0.8445116
14 0.9070116
15 0.9070116
16 0.6882616
17 0.7820116
18 0.8757616
19 0.8757616
20 0.8132616
0 0.69497263
1 0.84451133
2 0.8132616
3 0.7507616
4 0.6882616
5 0.8132616
6 0.8445116
7 0.6882616
8 0.6882616
9 0.8757616
10 0.8132616
11 0.8445116
12 0.7195116
13 0.8445116
14 0.8132616
15 0.9070116
16 0.7507616
17 0.9695116
18 0.6882616
19 0.8445116
20 0.8757616
0 0.6523818
1 0.7820116
2 0.7195116
3 0.6882616
4 0.9382616
5 0.9382616
6 0.9070116
7 0.8445116
8 0.7820116
9 0.6882616
10 0.8757616
11 0.7820116
12 0.6570116
13 0.9382616
14 0.8132616
15 0.8757616
16 0.8132616
17 0.8757616
18 0.7507616
19 0.8132616
20 0.7820116
0 0.6916855
1 0.7764284
2 0.74489886
3 0.8536689
4 0.76256895
5 0.9379803
6 0.81326157
7 0.8757616
8 0.8132616
9 1.0632616
10 0.7507616
11 0.9382616
12 0.8445116
13 0.8132616
14 0.6570116
15 0.8132616
16 0.7507616
17 0.6882616
18 0.6257616
19 0.8445116
20 0.9382616
0 0.67667633
1 0.84416604
2 0.9516592
3 0.7506655
4 0.93826157
5 0.7195116
6 0.7820116
7 0.7507616
8 0.8757616
9 0.8757616
10 0.9070116
11 0.7195116
12 0.7820116
13 0.6570116
14 0.7195116
15 0.9695116
16 0.8132616
17 0.8132616
18 0.8445116
19 0.7820116
20 0.8757616
0 0.6685366
1 0.8757616
2 0.7820116
3 0.6257616
4 0.8132616
5 0.8757616
6 0.7195116
7 0.8132616
8 0.8132616
9 0.7507616
10 0.7195116
11 0.8132616
12 0.8445116
13 0.7820116
14 0.9070116
15 0.8132616
16 0.9382616
17 0.8757616
18 0.7820116
19 0.9382616
20 0.8757616
21 0.7820116
22 0.8757616
23 0.7820116
24 0.6257616
25 0.8132616
26 0.8757616
27 0.7195116
28 0.8132616
29 0.8132616
30 0.7507616
31 0.7195116
32 0.8132616
33 0.8445116
34 0.7820116
35 0.9070116
36 0.8132616
37 0.9382616
38 0.8757616
39 0.7820116
0 0.6862928
1 0.8445116
2 0.8757616
3 0.7507616
4 0.8757616
5 0.7507616
6 0.8757616
7 0.8445116
8 0.7195116
9 0.8445116
10 0.7507616
11 0.7820116
12 0.8757616
13 0.7820116
14 0.8132616
15 0.8757616
16 0.8132616
17 0.8132616
18 0.9070116
19 0.9070116
20 0.7820116
21 0.6882616
22 0.8445116
23 0.8757616
24 0.7507616
25 0.8757616
26 0.7507616
27 0.8757616
28 0.8445116
29 0.7195116
30 0.8445116
31 0.7507616
32 0.7820116
33 0.8757616
34 0.7820116
35 0.8132616
36 0.8757616
37 0.8132616
38 0.8132616
39 0.9070116
40 0.9070116
41 0.7820116
42 0.6882616
43 0.8445116
44 0.8757616
45 0.7507616
46 0.8757616
47 0.7507616
48 0.8757616
49 0.8445116
50 0.7195116
51 0.8445116
52 0.7507616
53 0.7820116
54 0.8757616
55 0.7820116
56 0.8132616
57 0.8757616
58 0.8132616
59 0.8132616
60 0.9070116
61 0.9070116
62 0.7820116
63 0.6882616
64 0.8445116
65 0.8757616
66 0.7507616
67 0.8757616
68 0.7507616
69 0.8757616
70 0.8445116
71 0.7195116
72 0.8445116
73 0.7507616
74 0.7820116
75 0.8757616
76 0.7820116
77 0.8132616
78 0.8757616
79 0.8132616
80 0.8132616
81 0.9070116
82 0.9070116
83 0.7820116
84 0.6882616
85 0.8445116
86 0.8757616
87 0.7507616
88 0.8757616
89 0.7507616
90 0.8757616
91 0.8445116
92 0.7195116
93 0.8445116
94 0.7507616
95 0.7820116
96 0.8757616
97 0.7820116
98 0.8132616
99 0.8757616
100 0.8132616
101 0.8132616
102 0.9070116
103 0.9070116
104 0.7820116
105 0.6882616
106 0.8445116
107 0.8757616
108 0.7507616
109 0.8757616
110 0.7507616
111 0.8757616
112 0.8445116
113 0.7195116
114 0.8445116
115 0.7507616
116 0.7820116
117 0.8757616
118 0.7820116
119 0.8132616
120 0.8757616
121 0.8132616
122 0.8132616
123 0.9070116
124 0.9070116
125 0.7820116
126 0.6882616
127 0.8445116
128 0.8757616
129 0.7507616
130 0.8757616
131 0.7507616
132 0.8757616
133 0.8445116
134 0.7195116
135 0.8445116
136 0.7507616
137 0.7820116
138 0.8757616
139 0.7820116
140 0.8132616
141 0.8757616
142 0.8132616
143 0.8132616
144 0.9070116
145 0.9070116
146 0.7820116
147 0.6882616
148 0.8445116
149 0.8757616
150 0.7507616
151 0.8757616
152 0.7507616
153 0.8757616
154 0.8445116
155 0.7195116
156 0.8445116
157 0.7507616
158 0.7820116
159 0.8757616
160 0.7820116
161 0.8132616
162 0.8757616
163 0.8132616
164 0.8132616
165 0.9070116
166 0.9070116
167 0.7820116
168 0.6882616
169 0.8445116
170 0.8757616
171 0.7507616
172 0.8757616
173 0.7507616
174 0.8757616
175 0.8445116
176 0.7195116
177 0.8445116
178 0.7507616
179 0.7820116
180 0.8757616
181 0.7820116
182 0.8132616
183 0.8757616
184 0.8132616
185 0.8132616
186 0.9070116
187 0.9070116
188 0.7820116
189 0.6882616
190 0.8445116
191 0.8757616
192 0.7507616
193 0.8757616
194 0.7507616
195 0.8757616
196 0.8445116
197 0.7195116
198 0.8445116
199 0.7507616
200 0.7820116
201 0.8757616
202 0.7820116
203 0.8132616
204 0.8757616
205 0.8132616
206 0.8132616
207 0.9070116
208 0.9070116
209 0.7820116
210 0.6882616
211 0.8445116
212 0.8757616
213 0.7507616
214 0.8757616
215 0.7507616
216 0.8757616
217 0.8445116
218 0.7195116
219 0.8445116
220 0.7507616
221 0.7820116
222 0.8757616
223 0.7820116
224 0.8132616
225 0.8757616
226 0.8132616
227 0.8132616
228 0.9070116
229 0.9070116
230 0.7820116
231 0.6882616
232 0.8445116
233 0.8757616
234 0.7507616
235 0.8757616
236 0.7507616
237 0.8757616
238 0.8445116
239 0.7195116
240 0.8445116
241 0.7507616
242 0.7820116
243 0.8757616
244 0.7820116
245 0.8132616
246 0.8757616
247 0.8132616
248 0.8132616
249 0.9070116
250 0.9070116
251 0.7820116
252 0.6882616
253 0.8445116
254 0.8757616
255 0.7507616
256 0.8757616
257 0.7507616
258 0.8757616
259 0.8445116
260 0.7195116
261 0.8445116
262 0.7507616
263 0.7820116
264 0.8757616
265 0.7820116
266 0.8132616
267 0.8757616
268 0.8132616
269 0.8132616
270 0.9070116
271 0.9070116
272 0.7820116
273 0.6882616
274 0.8445116
275 0.8757616
276 0.7507616
277 0.8757616
278 0.7507616
279 0.8757616
280 0.8445116
281 0.7195116
282 0.8445116
283 0.7507616
284 0.7820116
285 0.8757616
286 0.7820116
287 0.8132616
288 0.8757616
289 0.8132616
290 0.8132616
291 0.9070116
292 0.9070116
293 0.7820116
294 0.6882616
295 0.8445116
296 0.8757616
297 0.7507616
298 0.8757616
299 0.7507616
300 0.8757616
301 0.8445116
302 0.7195116
303 0.8445116
304 0.7507616
305 0.7820116
306 0.8757616
307 0.7820116
308 0.8132616
309 0.8757616
310 0.8132616
311 0.8132616
312 0.9070116
313 0.9070116
314 0.7820116
315 0.6882616
316 0.8445116
317 0.8757616
318 0.7507616
319 0.8757616
320 0.7507616
321 0.8757616
322 0.8445116
323 0.7195116
324 0.8445116
325 0.7507616
326 0.7820116
327 0.8757616
328 0.7820116
329 0.8132616
330 0.8757616
331 0.8132616
332 0.8132616
333 0.9070116
334 0.9070116
335 0.7820116
336 0.6882616
337 0.8445116
338 0.8757616
339 0.7507616
340 0.8757616
341 0.7507616
342 0.8757616
343 0.8445116
344 0.7195116
345 0.8445116
346 0.7507616
347 0.7820116
348 0.8757616
349 0.7820116
350 0.8132616
351 0.8757616
352 0.8132616
353 0.8132616
354 0.9070116
355 0.9070116
356 0.7820116
357 0.6882616
358 0.8445116
359 0.8757616
360 0.7507616
361 0.8757616
362 0.7507616
363 0.8757616
364 0.8445116
365 0.7195116
366 0.8445116
367 0.7507616
368 0.7820116
369 0.8757616
370 0.7820116
371 0.8132616
372 0.8757616
373 0.8132616
374 0.8132616
375 0.9070116
376 0.9070116
377 0.7820116
378 0.6882616
379 0.8445116
380 0.8757616
381 0.7507616
382 0.8757616
383 0.7507616
384 0.8757616
385 0.8445116
386 0.7195116
387 0.8445116
388 0.7507616
389 0.7820116
390 0.8757616
391 0.7820116
392 0.8132616
393 0.8757616
394 0.8132616
395 0.8132616
396 0.9070116
397 0.9070116
398 0.7820116
399 0.6882616
400 0.8445116
401 0.8757616
402 0.7507616
403 0.8757616
404 0.7507616
405 0.8757616
406 0.8445116
407 0.7195116
408 0.8445116
409 0.7507616
410 0.7820116
411 0.8757616
412 0.7820116
413 0.8132616
414 0.8757616
415 0.8132616
416 0.8132616
417 0.9070116
418 0.9070116
419 0.7820116
420 0.6882616
421 0.8445116
422 0.8757616
423 0.7507616
424 0.8757616
425 0.7507616
426 0.8757616
427 0.8445116
428 0.7195116
429 0.8445116
430 0.7507616
431 0.7820116
432 0.8757616
433 0.7820116
434 0.8132616
435 0.8757616
436 0.8132616
437 0.8132616
438 0.9070116
439 0.9070116
440 0.7820116
441 0.6882616
442 0.8445116
443 0.8757616
444 0.7507616
445 0.8757616
446 0.7507616
447 0.8757616
448 0.8445116
449 0.7195116
450 0.8445116
451 0.7507616
452 0.7820116
453 0.8757616
454 0.7820116
455 0.8132616
456 0.8757616
457 0.8132616
458 0.8132616
459 0.9070116
460 0.9070116
461 0.7820116
462 0.6882616
463 0.8445116
464 0.8757616
465 0.7507616
466 0.8757616
467 0.7507616
468 0.8757616
469 0.8445116
470 0.7195116
471 0.8445116
472 0.7507616
473 0.7820116
474 0.8757616
475 0.7820116
476 0.8132616
477 0.8757616
478 0.8132616
479 0.8132616
480 0.9070116
481 0.9070116
482 0.7820116
483 0.6882616
484 0.8445116
485 0.8757616
486 0.7507616
487 0.8757616
488 0.7507616
489 0.8757616
490 0.8445116
491 0.7195116
492 0.8445116
493 0.7507616
494 0.7820116
495 0.8757616
496 0.7820116
497 0.8132616
498 0.8757616
499 0.8132616
500 0.8132616
501 0.9070116
502 0.9070116
503 0.7820116
504 0.6882616
505 0.8445116
506 0.8757616
507 0.7507616
508 0.8757616
509 0.7507616
510 0.8757616
511 0.8445116
512 0.7195116
513 0.8445116
514 0.7507616
515 0.7820116
516 0.8757616
517 0.7820116
518 0.8132616
519 0.8757616
520 0.8132616
521 0.8132616
522 0.9070116
523 0.9070116
524 0.7820116
525 0.6882616
526 0.8445116
527 0.8757616
528 0.7507616
529 0.8757616
530 0.7507616
531 0.8757616
532 0.8445116
533 0.7195116
534 0.8445116
535 0.7507616
536 0.7820116
537 0.8757616
0 0.6863227
1 0.8132617
2 0.87576175
3 0.8132616
4 0.5945116
5 0.7820116
6 0.8445116
7 0.7195116
8 0.7820116
9 0.8757616
10 0.8445116
11 0.8132616
12 0.9382616
13 0.7820116
14 0.7507616
15 0.8757616
16 0.8132616
17 0.9070116
18 0.7195116
19 0.8445116
20 0.7820116
21 0.8445116
22 0.8132616
23 0.8757616
24 0.8132616
25 0.5945116
26 0.7820116
0 0.68510735
1 0.8132614
2 0.8445116
3 0.8757616
4 0.7820116
5 0.6257616
6 0.8445116
7 0.8445116
8 0.8132616
9 0.8132616
10 0.8757616
11 0.8132616
12 0.8757616
13 0.8132616
14 0.9070116
15 0.9070116
16 0.7507616
17 0.9070116
18 0.7820116
19 0.8445116
20 0.6570116
0 0.68407583
1 0.8757616
2 0.7507616
3 0.8757401
4 0.9382616
5 0.8132616
6 0.9070116
7 0.7195116
8 0.9070116
9 0.6882616
10 0.8445116
11 0.7820116
12 0.7507616
13 0.6882616
14 0.8445116
15 0.8445116
16 0.8757616
17 0.8757616
18 0.7820116
19 0.6882616
20 0.8132616
21 0.6882616
22 0.8757616
23 0.7195116
24 0.7820116
25 0.9070116
0 0.6875395
1 0.8132616
2 0.7195116
3 0.9382616
4 0.7195116
5 0.6882616
6 0.8132616
7 0.6882616
8 0.9382616
9 0.7195116
10 0.8445116
11 0.8132616
12 0.8445116
13 0.8132616
14 0.8757616
15 0.8132616
16 0.8132616
17 0.9382616
18 0.8757616
19 0.7195116
20 0.8757616
21 0.7820116
22 0.8132616
23 0.7195116
24 0.9382616
25 0.7195116
0 0.6707133
1 0.7507613
2 0.9695116
3 0.6882616
4 0.7507616
5 0.8445116
6 0.8757616
7 0.7820116
8 1.0007616
9 0.7195116
10 0.8132616
11 0.9695116
12 0.7195116
13 0.8757616
14 0.8132616
15 0.7820116
16 0.7195116
17 0.8132616
18 0.8132616
19 0.8132616
20 0.8445116
21 0.7195116
22 0.7507616
23 0.9695116
24 0.6882616
25 0.7507616
26 0.8445116
27 0.8757616
28 0.7820116
0 0.6951512
1 0.92548114
2 0.7507671
3 0.8445116
4 0.7820116
5 0.7507616
6 0.8757616
7 0.8132616
8 0.8757616
9 0.7507616
10 0.8132616
11 0.8757616
12 0.7820116
13 0.7507616
14 0.6882616
15 0.9382616
16 0.8757616
17 0.7507616
18 0.8757616
19 0.9382616
20 0.7820116
21 0.8757616
22 0.6570116
23 0.7507616
24 0.8445116
25 0.7820116
26 0.7507616
27 0.8757616
28 0.8132616
0 0.7059754
1 0.81325716
2 0.9382616
3 0.7507616
4 0.9695116
5 0.7195116
6 0.7507616
7 0.7820116
8 0.7820116
9 0.8757616
10 0.7507616
11 0.9070116
12 0.9070116
13 0.7195116
14 0.7195116
15 0.8445116
16 0.9382616
17 0.7507616
18 0.8757616
19 0.9070116
20 0.7820116
21 0.7195116
22 0.8132616
23 0.9382616
24 0.7507616
25 0.9695116
0 0.65926933
1 0.8757616
2 0.8132616
3 0.8132616
4 0.8132616
5 0.8757616
6 0.9382616
7 0.6882616
8 0.8757616
9 0.8132616
10 0.6882616
11 0.7820116
12 0.9695116
13 0.7507616
14 0.8757616
15 0.6882616
16 0.8445116
17 0.7820116
18 0.9070116
19 0.7820116
20 0.8132616
21 0.7195116
22 0.8757616
23 0.8132616
24 0.8132616
25 0.8132616
26 0.8757616
27 0.9382616
28 0.6882616
29 0.8757616
30 0.8132616
31 0.6882616
32 0.7820116
33 0.9695116
34 0.7507616
35 0.8757616
36 0.6882616
37 0.8445116
38 0.7820116
39 0.9070116
40 0.7820116
41 0.8132616
42 0.7195116
43 0.8757616
44 0.8132616
45 0.8132616
46 0.8132616
47 0.8757616
48 0.9382616
49 0.6882616
50 0.8757616
51 0.8132616
52 0.6882616
53 0.7820116
54 0.9695116
55 0.7507616
56 0.8757616
57 0.6882616
58 0.8445116
59 0.7820116
60 0.9070116
61 0.7820116
62 0.8132616
0 0.68949914
1 0.75069404
2 0.68817234
3 0.9577421
4 0.9059334
5 0.9068421
6 0.87034374
7 0.8739039
8 0.80902064
9 0.9661966
10 0.7507299
11 0.81326
12 0.8445115
13 0.7195116
14 0.8757616
15 0.8132616
16 0.7195116
17 0.6882616
18 0.9382616
19 0.7820116
20 0.8132616
0 0.6983118
1 1.0320116
2 0.8445116
3 0.7820116
4 0.8445116
5 0.8132616
6 0.7507616
7 0.8445116
8 0.7507616
9 0.8757616
10 0.7195116
11 0.6882616
12 0.7507616
13 0.6882616
14 0.7820116
15 0.7195116
16 0.9070116
17 0.6882616
18 0.8132616
19 0.9382616
20 1.0007616
21 0.7195116
22 1.0320116
23 0.8445116
24 0.7820116
25 0.8445116
26 0.8132616
27 0.7507616
28 0.8445116
29 0.7507616
30 0.8757616
31 0.7195116
32 0.6882616
0 0.68641824
1 0.8445116
2 0.8132616
3 0.9070116
4 0.5632616
5 0.5320116
6 0.8757616
7 0.6882616
8 0.9382616
9 0.6882616
10 0.8132616
11 0.9070116
12 0.9695116
13 0.7195116
14 0.8132616
15 0.8445116
16 0.9695116
17 0.6570116
18 0.9382616
19 0.8132616
20 0.8132616
21 0.8132616
22 0.8445116
23 0.8132616
24 0.9070116
25 0.5632616
26 0.5320116
27 0.8757616
28 0.6882616
29 0.9382616
30 0.6882616
31 0.8132616
32 0.9070116
33 0.9695116
34 0.7195116
35 0.8132616
36 0.8445116
37 0.9695116
38 0.6570116
39 0.9382616
40 0.8132616
41 0.8132616
42 0.8132616
43 0.8445116
44 0.8132616
45 0.9070116
46 0.5632616
47 0.5320116
48 0.8757616
49 0.6882616
50 0.9382616
51 0.6882616
52 0.8132616
53 0.9070116
54 0.9695116
55 0.7195116
56 0.8132616
57 0.8445116
58 0.9695116
59 0.6570116
60 0.9382616
61 0.8132616
62 0.8132616
